Tahun	Bulan	Negara_bagian	Harga(Cents/kWh)
2001	5	AL	6.47
2001	6	AL	6.45
2001	7	AL	6.41
2001	8	AL	6.41
2001	9	AL	6.34
2001	10	AL	6.52
2001	11	AL	6.5
2001	12	AL	6.54
2002	1	AL	6.48
2002	2	AL	6.76
2002	3	AL	6.83
2002	4	AL	6.78
2002	5	AL	6.49
2002	6	AL	6.62
2002	7	AL	6.63
2002	8	AL	6.69
2002	9	AL	6.69
2002	10	AL	6.6
2002	11	AL	6.43
2002	12	AL	6.63
2003	1	AL	6.87
2003	2	AL	6.84
2003	3	AL	6.73
2003	4	AL	7.14
2003	5	AL	6.42
2003	6	AL	6.97
2003	7	AL	6.9
2003	8	AL	6.96
2003	9	AL	6.82
2003	10	AL	6.81
2003	11	AL	6.72
2003	12	AL	7.08
2004	1	AL	7
2004	2	AL	7.08
2004	3	AL	7.32
2004	4	AL	7.47
2004	5	AL	6.97
2004	6	AL	7.2
2004	7	AL	7.15
2004	8	AL	7.23
2004	9	AL	7.07
2004	10	AL	7.04
2004	11	AL	6.94
2004	12	AL	6.95
2005	1	AL	6.94
2005	2	AL	6.94
2005	3	AL	7.15
2005	4	AL	7.14
2005	5	AL	7.37
2005	6	AL	7.66
2005	7	AL	7.56
2005	8	AL	7.49
2005	9	AL	7.96
2005	10	AL	7.53
2005	11	AL	8
2005	12	AL	7.97
2006	1	AL	7.47
2006	2	AL	7.76
2006	3	AL	7.83
2006	4	AL	8.25
2006	5	AL	7.92
2006	6	AL	8.83
2006	7	AL	8.48
2006	8	AL	8.94
2006	9	AL	8.42
2006	10	AL	7.76
2006	11	AL	7.93
2006	12	AL	8.01
2007	1	AL	8.25
2007	2	AL	8.57
2007	3	AL	8.53
2007	4	AL	8.72
2007	5	AL	8.68
2007	6	AL	8.87
2007	7	AL	8.62
2007	8	AL	9.3
2007	9	AL	8.6
2007	10	AL	8.66
2007	11	AL	8.68
2007	12	AL	8.74
2008	1	AL	9.07
2008	2	AL	8.97
2008	3	AL	8.83
2008	4	AL	8.94
2008	5	AL	9.23
2008	6	AL	10.28
2008	7	AL	10.46
2008	8	AL	10.38
2008	9	AL	10.22
2008	10	AL	10.66
2008	11	AL	10.63
2008	12	AL	10.27
2009	1	AL	10.46
2009	2	AL	10.61
2009	3	AL	9.94
2009	4	AL	9.98
2009	5	AL	9.76
2009	6	AL	10.47
2009	7	AL	10.23
2009	8	AL	10.11
2009	9	AL	9.85
2009	10	AL	9.56
2009	11	AL	9.69
2009	12	AL	9.91
2010	1	AL	9.94
2010	2	AL	9.71
2010	3	AL	10.06
2010	4	AL	10.23
2010	5	AL	10.29
2010	6	AL	10.03
2010	7	AL	10.04
2010	8	AL	10.36
2010	9	AL	10.14
2010	10	AL	10.68
2010	11	AL	10.26
2010	12	AL	10.38
2011	1	AL	10.18
2011	2	AL	10.29
2011	3	AL	10.14
2011	4	AL	9.97
2011	5	AL	10.46
2011	6	AL	10.63
2011	7	AL	10.66
2011	8	AL	10.64
2011	9	AL	10.32
2011	10	AL	11.06
2011	11	AL	10.55
2011	12	AL	10.69
2012	1	AL	10.52
2012	2	AL	10.71
2012	3	AL	10.56
2012	4	AL	10.5
2012	5	AL	10.38
2012	6	AL	10.74
2012	7	AL	10.74
2012	8	AL	10.83
2012	9	AL	NA
2012	10	AL	10.76
2012	11	AL	10.62
2012	12	AL	10.58
2013	1	AL	10.34
2013	2	AL	10.41
2013	3	AL	10.41
2013	4	AL	10.31
2013	5	AL	10.45
2013	6	AL	10.87
2013	7	AL	10.58
2013	8	AL	10.68
2013	9	AL	NA
2013	10	AL	10.66
2013	11	AL	10.45
2013	12	AL	10.29
2014	1	AL	10.69
2014	2	AL	10.79
2014	3	AL	10.88
2014	4	AL	10.49
2014	5	AL	10.89
2014	6	AL	10.98
2014	7	AL	10.95
2014	8	AL	10.9
2014	9	AL	10.6
2014	10	AL	10.63
2014	11	AL	10.95
2014	12	AL	10.65
2015	1	AL	10.51
2015	2	AL	11.02
2015	3	AL	10.79
2015	4	AL	10.8
2015	5	AL	11
2015	6	AL	11.07
2015	7	AL	11.12
2015	8	AL	10.94
2015	9	AL	10.93
2015	10	AL	10.68
2015	11	AL	10.51
2015	12	AL	10.42
2016	1	AL	10.79
2016	2	AL	10.88
2016	3	AL	10.84
2016	4	AL	11.05
2016	5	AL	11.02
2016	6	AL	11.17
2016	7	AL	11.12
2016	8	AL	11.04
2016	9	AL	11.05
2016	10	AL	11.49
2016	11	AL	11.34
2016	12	AL	11.58
2017	1	AL	11.45
2017	2	AL	11.9
2017	3	AL	11.7
2017	4	AL	11.4
2017	5	AL	11.51
2017	6	AL	11.67
2017	7	AL	11.51
2017	8	AL	11.57
2017	9	AL	11.77
2017	10	AL	11.61
2017	11	AL	11.65
2017	12	AL	11.46
2018	1	AL	11.31
2018	2	AL	11.27
2018	3	AL	11.5
2018	4	AL	11.42
2018	5	AL	11.23
2018	6	AL	11.29
2018	7	AL	11.14
2018	8	AL	11.23
2018	9	AL	11.23
2018	10	AL	11.24
2018	11	AL	11.49
2018	12	AL	11.19
2019	1	AL	11.24
2019	2	AL	11.48
2019	3	AL	11.63
2019	4	AL	11.82
2019	5	AL	11.66
2019	6	AL	11.48
